[gd_scene load_steps=2 format=3 uid="uid://mcte0q8vfi06"]

[ext_resource type="PackedScene" uid="uid://dkhfc1pltgq7" path="res://Vehicle/robobus/robobus.glb" id="1_op4t7"]

[node name="robobus" instance=ExtResource("1_op4t7")]
transform = Transform3D(-0.999999, 0.00167557, 5.23766e-05, -5.23765e-05, 8.77585e-08, -1, -0.00167557, -0.999999, -1.34853e-12, 0, 0, 0)

[node name="ROBOBUS_DJ" parent="." index="0"]
transform = Transform3D(0.001, 5.66468e-07, -9.49427e-09, -5.66331e-07, 0.000999941, 1.08647e-05, 1.56482e-08, -1.08647e-05, 0.000999941, -0.115912, 0, 0)

[node name="Object______21_1" parent="ROBOBUS_DJ/CAR2/NEW_ROBOBUS_KOUVOUKLIO8/NEW_ROBOBUS_KOUVOUKLIO9/back_door5" index="0"]
transform = Transform3D(-1, -1.39128e-06, 0.000136042, -1.5666e-06, -0.999764, -0.0217282, 0.000136041, -0.0217282, 0.999764, 0.690544, 9.31272, 0.101139)

[node name="Object______22_1" parent="ROBOBUS_DJ/CAR2/NEW_ROBOBUS_KOUVOUKLIO8/NEW_ROBOBUS_KOUVOUKLIO9/back_door5" index="1"]
transform = Transform3D(-1, -1.39128e-06, 0.000136042, -1.5666e-06, -0.999764, -0.0217282, 0.000136041, -0.0217282, 0.999764, 0.690544, 9.31272, 0.101139)

[node name="Object_________1_6" parent="ROBOBUS_DJ/CAR2/NEW_ROBOBUS_KOUVOUKLIO8/NEW_ROBOBUS_KOUVOUKLIO9/EXTERIOR5" index="0"]
transform = Transform3D(-1, -1.39128e-06, 0.000136042, -1.5666e-06, -0.999764, -0.0217282, 0.000136041, -0.0217282, 0.999764, 0.690544, 9.31272, 0.101139)

[node name="Object_________1_6_10" parent="ROBOBUS_DJ/CAR2/NEW_ROBOBUS_KOUVOUKLIO8/NEW_ROBOBUS_KOUVOUKLIO9/EXTERIOR5" index="1"]
transform = Transform3D(-1, -1.39128e-06, 0.000136042, -1.5666e-06, -0.999764, -0.0217282, 0.000136041, -0.0217282, 0.999764, 0.690544, 9.31272, 0.101139)

[node name="Object_________1_6_11" parent="ROBOBUS_DJ/CAR2/NEW_ROBOBUS_KOUVOUKLIO8/NEW_ROBOBUS_KOUVOUKLIO9/EXTERIOR5" index="2"]
transform = Transform3D(-1, -1.39128e-06, 0.000136042, -1.5666e-06, -0.999764, -0.0217282, 0.000136041, -0.0217282, 0.999764, 0.690544, 9.31272, 0.101139)

[node name="Object_________1_6_2" parent="ROBOBUS_DJ/CAR2/NEW_ROBOBUS_KOUVOUKLIO8/NEW_ROBOBUS_KOUVOUKLIO9/EXTERIOR5" index="3"]
transform = Transform3D(-1, -1.39128e-06, 0.000136042, -1.5666e-06, -0.999764, -0.0217282, 0.000136041, -0.0217282, 0.999764, 0.690544, 9.31272, 0.101139)

[node name="Object_________1_6_3" parent="ROBOBUS_DJ/CAR2/NEW_ROBOBUS_KOUVOUKLIO8/NEW_ROBOBUS_KOUVOUKLIO9/EXTERIOR5" index="4"]
transform = Transform3D(-1, -1.39128e-06, 0.000136042, -1.5666e-06, -0.999764, -0.0217282, 0.000136041, -0.0217282, 0.999764, 0.690544, 9.31272, 0.101139)

[node name="Object_________1_6_4" parent="ROBOBUS_DJ/CAR2/NEW_ROBOBUS_KOUVOUKLIO8/NEW_ROBOBUS_KOUVOUKLIO9/EXTERIOR5" index="5"]
transform = Transform3D(-1, -1.39128e-06, 0.000136042, -1.5666e-06, -0.999764, -0.0217282, 0.000136041, -0.0217282, 0.999764, 0.690544, 9.31272, 0.101139)

[node name="Object_________1_6_5" parent="ROBOBUS_DJ/CAR2/NEW_ROBOBUS_KOUVOUKLIO8/NEW_ROBOBUS_KOUVOUKLIO9/EXTERIOR5" index="6"]
transform = Transform3D(-1, -1.39128e-06, 0.000136042, -1.5666e-06, -0.999764, -0.0217282, 0.000136041, -0.0217282, 0.999764, 0.690544, 9.31272, 0.101139)

[node name="Object_________1_6_6" parent="ROBOBUS_DJ/CAR2/NEW_ROBOBUS_KOUVOUKLIO8/NEW_ROBOBUS_KOUVOUKLIO9/EXTERIOR5" index="7"]
transform = Transform3D(-1, -1.39128e-06, 0.000136042, -1.5666e-06, -0.999764, -0.0217282, 0.000136041, -0.0217282, 0.999764, 0.690544, 9.31272, 0.101139)

[node name="Object_________1_6_7" parent="ROBOBUS_DJ/CAR2/NEW_ROBOBUS_KOUVOUKLIO8/NEW_ROBOBUS_KOUVOUKLIO9/EXTERIOR5" index="8"]
transform = Transform3D(-1, -1.39128e-06, 0.000136042, -1.5666e-06, -0.999764, -0.0217282, 0.000136041, -0.0217282, 0.999764, 0.690544, 9.31272, 0.101139)

[node name="Object_________1_6_8" parent="ROBOBUS_DJ/CAR2/NEW_ROBOBUS_KOUVOUKLIO8/NEW_ROBOBUS_KOUVOUKLIO9/EXTERIOR5" index="9"]
transform = Transform3D(-1, -1.39128e-06, 0.000136042, -1.5666e-06, -0.999764, -0.0217282, 0.000136041, -0.0217282, 0.999764, 0.690544, 9.31272, 0.101139)

[node name="Object_________1_6_9" parent="ROBOBUS_DJ/CAR2/NEW_ROBOBUS_KOUVOUKLIO8/NEW_ROBOBUS_KOUVOUKLIO9/EXTERIOR5" index="10"]
transform = Transform3D(-1, -1.39128e-06, 0.000136042, -1.5666e-06, -0.999764, -0.0217282, 0.000136041, -0.0217282, 0.999764, 0.690544, 9.31272, 0.101139)

[node name="DEFEATURED_0_1088_5" parent="ROBOBUS_DJ/CAR2/NEW_ROBOBUS_KOUVOUKLIO8/NEW_ROBOBUS_KOUVOUKLIO9/INTELLIGENT5" index="0"]
transform = Transform3D(-1, -1.39128e-06, 0.000136042, -1.5666e-06, -0.999764, -0.0217282, 0.000136041, -0.0217282, 0.999764, 0.690544, 9.31272, 0.101139)

[node name="DEFEATURED_0_1088_5_2" parent="ROBOBUS_DJ/CAR2/NEW_ROBOBUS_KOUVOUKLIO8/NEW_ROBOBUS_KOUVOUKLIO9/INTELLIGENT5" index="1"]
transform = Transform3D(-1, -1.39128e-06, 0.000136042, -1.5666e-06, -0.999764, -0.0217282, 0.000136041, -0.0217282, 0.999764, 0.690544, 9.31272, 0.101139)

[node name="DEFEATURED_0_1088_5_3" parent="ROBOBUS_DJ/CAR2/NEW_ROBOBUS_KOUVOUKLIO8/NEW_ROBOBUS_KOUVOUKLIO9/INTELLIGENT5" index="2"]
transform = Transform3D(-1, -1.39128e-06, 0.000136042, -1.5666e-06, -0.999764, -0.0217282, 0.000136041, -0.0217282, 0.999764, 0.690544, 9.31272, 0.101139)

[node name="DEFEATURED_0_1088_5_4" parent="ROBOBUS_DJ/CAR2/NEW_ROBOBUS_KOUVOUKLIO8/NEW_ROBOBUS_KOUVOUKLIO9/INTELLIGENT5" index="3"]
transform = Transform3D(-1, -1.39128e-06, 0.000136042, -1.5666e-06, -0.999764, -0.0217282, 0.000136041, -0.0217282, 0.999764, 0.690544, 9.31272, 0.101139)

[node name="Object___11_10" parent="ROBOBUS_DJ/CAR2/NEW_ROBOBUS_KOUVOUKLIO8/NEW_ROBOBUS_KOUVOUKLIO9/INTELLIGENT5" index="4"]
transform = Transform3D(-1, -1.39128e-06, 0.000136042, -1.5666e-06, -0.999764, -0.0217282, 0.000136041, -0.0217282, 0.999764, 0.690544, 9.31272, 0.101139)

[node name="Object___11_10_2" parent="ROBOBUS_DJ/CAR2/NEW_ROBOBUS_KOUVOUKLIO8/NEW_ROBOBUS_KOUVOUKLIO9/INTELLIGENT5" index="5"]
transform = Transform3D(-1, -1.39128e-06, 0.000136042, -1.5666e-06, -0.999764, -0.0217282, 0.000136041, -0.0217282, 0.999764, 0.690544, 9.31272, 0.101139)

[node name="Object___11_10_3" parent="ROBOBUS_DJ/CAR2/NEW_ROBOBUS_KOUVOUKLIO8/NEW_ROBOBUS_KOUVOUKLIO9/INTELLIGENT5" index="6"]
transform = Transform3D(-1, -1.39128e-06, 0.000136042, -1.5666e-06, -0.999764, -0.0217282, 0.000136041, -0.0217282, 0.999764, 0.690544, 9.31272, 0.101139)

[node name="Object___11_10_4" parent="ROBOBUS_DJ/CAR2/NEW_ROBOBUS_KOUVOUKLIO8/NEW_ROBOBUS_KOUVOUKLIO9/INTELLIGENT5" index="7"]
transform = Transform3D(-1, -1.39128e-06, 0.000136042, -1.5666e-06, -0.999764, -0.0217282, 0.000136041, -0.0217282, 0.999764, 0.690544, 9.31272, 0.101139)

[node name="Object___1_9" parent="ROBOBUS_DJ/CAR2/NEW_ROBOBUS_KOUVOUKLIO8/NEW_ROBOBUS_KOUVOUKLIO9/INTELLIGENT5" index="8"]
transform = Transform3D(-1, -1.39128e-06, 0.000136042, -1.5666e-06, -0.999764, -0.0217282, 0.000136041, -0.0217282, 0.999764, 0.690544, 9.31272, 0.101139)

[node name="Object___1_9_2" parent="ROBOBUS_DJ/CAR2/NEW_ROBOBUS_KOUVOUKLIO8/NEW_ROBOBUS_KOUVOUKLIO9/INTELLIGENT5" index="9"]
transform = Transform3D(-1, -1.39128e-06, 0.000136042, -1.5666e-06, -0.999764, -0.0217282, 0.000136041, -0.0217282, 0.999764, 0.690544, 9.31272, 0.101139)

[node name="Object___1_9_3" parent="ROBOBUS_DJ/CAR2/NEW_ROBOBUS_KOUVOUKLIO8/NEW_ROBOBUS_KOUVOUKLIO9/INTELLIGENT5" index="10"]
transform = Transform3D(-1, -1.39128e-06, 0.000136042, -1.5666e-06, -0.999764, -0.0217282, 0.000136041, -0.0217282, 0.999764, 0.690544, 9.31272, 0.101139)

[node name="Object___1_9_4" parent="ROBOBUS_DJ/CAR2/NEW_ROBOBUS_KOUVOUKLIO8/NEW_ROBOBUS_KOUVOUKLIO9/INTELLIGENT5" index="11"]
transform = Transform3D(-1, -1.39128e-06, 0.000136042, -1.5666e-06, -0.999764, -0.0217282, 0.000136041, -0.0217282, 0.999764, 0.690544, 9.31272, 0.101139)

[node name="Object___3_12" parent="ROBOBUS_DJ/CAR2/NEW_ROBOBUS_KOUVOUKLIO8/NEW_ROBOBUS_KOUVOUKLIO9/INTELLIGENT5" index="12"]
transform = Transform3D(-1, -1.39128e-06, 0.000136042, -1.5666e-06, -0.999764, -0.0217282, 0.000136041, -0.0217282, 0.999764, 0.690544, 9.31272, 0.101139)

[node name="Object___3_12_2" parent="ROBOBUS_DJ/CAR2/NEW_ROBOBUS_KOUVOUKLIO8/NEW_ROBOBUS_KOUVOUKLIO9/INTELLIGENT5" index="13"]
transform = Transform3D(-1, -1.39128e-06, 0.000136042, -1.5666e-06, -0.999764, -0.0217282, 0.000136041, -0.0217282, 0.999764, 0.690544, 9.31272, 0.101139)

[node name="Object___3_12_3" parent="ROBOBUS_DJ/CAR2/NEW_ROBOBUS_KOUVOUKLIO8/NEW_ROBOBUS_KOUVOUKLIO9/INTELLIGENT5" index="14"]
transform = Transform3D(-1, -1.39128e-06, 0.000136042, -1.5666e-06, -0.999764, -0.0217282, 0.000136041, -0.0217282, 0.999764, 0.690544, 9.31272, 0.101139)

[node name="Object___3_12_4" parent="ROBOBUS_DJ/CAR2/NEW_ROBOBUS_KOUVOUKLIO8/NEW_ROBOBUS_KOUVOUKLIO9/INTELLIGENT5" index="15"]
transform = Transform3D(-1, -1.39128e-06, 0.000136042, -1.5666e-06, -0.999764, -0.0217282, 0.000136041, -0.0217282, 0.999764, 0.690544, 9.31272, 0.101139)

[node name="Object___5_21" parent="ROBOBUS_DJ/CAR2/NEW_ROBOBUS_KOUVOUKLIO8/NEW_ROBOBUS_KOUVOUKLIO9/INTELLIGENT5" index="16"]
transform = Transform3D(-1, -1.39128e-06, 0.000136042, -1.5666e-06, -0.999764, -0.0217282, 0.000136041, -0.0217282, 0.999764, 0.690544, 9.31272, 0.101139)

[node name="Object___5_21_2" parent="ROBOBUS_DJ/CAR2/NEW_ROBOBUS_KOUVOUKLIO8/NEW_ROBOBUS_KOUVOUKLIO9/INTELLIGENT5" index="17"]
transform = Transform3D(-1, -1.39128e-06, 0.000136042, -1.5666e-06, -0.999764, -0.0217282, 0.000136041, -0.0217282, 0.999764, 0.690544, 9.31272, 0.101139)

[node name="Object___5_21_3" parent="ROBOBUS_DJ/CAR2/NEW_ROBOBUS_KOUVOUKLIO8/NEW_ROBOBUS_KOUVOUKLIO9/INTELLIGENT5" index="18"]
transform = Transform3D(-1, -1.39128e-06, 0.000136042, -1.5666e-06, -0.999764, -0.0217282, 0.000136041, -0.0217282, 0.999764, 0.690544, 9.31272, 0.101139)

[node name="Object___5_21_4" parent="ROBOBUS_DJ/CAR2/NEW_ROBOBUS_KOUVOUKLIO8/NEW_ROBOBUS_KOUVOUKLIO9/INTELLIGENT5" index="19"]
transform = Transform3D(-1, -1.39128e-06, 0.000136042, -1.5666e-06, -0.999764, -0.0217282, 0.000136041, -0.0217282, 0.999764, 0.690544, 9.31272, 0.101139)

[node name="Object___5_22" parent="ROBOBUS_DJ/CAR2/NEW_ROBOBUS_KOUVOUKLIO8/NEW_ROBOBUS_KOUVOUKLIO9/INTELLIGENT5" index="20"]
transform = Transform3D(-1, -1.39128e-06, 0.000136042, -1.5666e-06, -0.999764, -0.0217282, 0.000136041, -0.0217282, 0.999764, 0.690544, 9.31272, 0.101139)

[node name="Object___5_22_2" parent="ROBOBUS_DJ/CAR2/NEW_ROBOBUS_KOUVOUKLIO8/NEW_ROBOBUS_KOUVOUKLIO9/INTELLIGENT5" index="21"]
transform = Transform3D(-1, -1.39128e-06, 0.000136042, -1.5666e-06, -0.999764, -0.0217282, 0.000136041, -0.0217282, 0.999764, 0.690544, 9.31272, 0.101139)

[node name="Object___5_22_3" parent="ROBOBUS_DJ/CAR2/NEW_ROBOBUS_KOUVOUKLIO8/NEW_ROBOBUS_KOUVOUKLIO9/INTELLIGENT5" index="22"]
transform = Transform3D(-1, -1.39128e-06, 0.000136042, -1.5666e-06, -0.999764, -0.0217282, 0.000136041, -0.0217282, 0.999764, 0.690544, 9.31272, 0.101139)

[node name="Object___5_22_4" parent="ROBOBUS_DJ/CAR2/NEW_ROBOBUS_KOUVOUKLIO8/NEW_ROBOBUS_KOUVOUKLIO9/INTELLIGENT5" index="23"]
transform = Transform3D(-1, -1.39128e-06, 0.000136042, -1.5666e-06, -0.999764, -0.0217282, 0.000136041, -0.0217282, 0.999764, 0.690544, 9.31272, 0.101139)

[node name="Object_____1_22" parent="ROBOBUS_DJ/CAR2/NEW_ROBOBUS_KOUVOUKLIO8/NEW_ROBOBUS_KOUVOUKLIO9/INTELLIGENT5" index="24"]
transform = Transform3D(-1, -1.39128e-06, 0.000136042, -1.5666e-06, -0.999764, -0.0217282, 0.000136041, -0.0217282, 0.999764, 0.690544, 9.31272, 0.101139)

[node name="Object_____1_22_2" parent="ROBOBUS_DJ/CAR2/NEW_ROBOBUS_KOUVOUKLIO8/NEW_ROBOBUS_KOUVOUKLIO9/INTELLIGENT5" index="25"]
transform = Transform3D(-1, -1.39128e-06, 0.000136042, -1.5666e-06, -0.999764, -0.0217282, 0.000136041, -0.0217282, 0.999764, 0.690544, 9.31272, 0.101139)

[node name="Object_____1_22_3" parent="ROBOBUS_DJ/CAR2/NEW_ROBOBUS_KOUVOUKLIO8/NEW_ROBOBUS_KOUVOUKLIO9/INTELLIGENT5" index="26"]
transform = Transform3D(-1, -1.39128e-06, 0.000136042, -1.5666e-06, -0.999764, -0.0217282, 0.000136041, -0.0217282, 0.999764, 0.690544, 9.31272, 0.101139)

[node name="Object_____1_22_4" parent="ROBOBUS_DJ/CAR2/NEW_ROBOBUS_KOUVOUKLIO8/NEW_ROBOBUS_KOUVOUKLIO9/INTELLIGENT5" index="27"]
transform = Transform3D(-1, -1.39128e-06, 0.000136042, -1.5666e-06, -0.999764, -0.0217282, 0.000136041, -0.0217282, 0.999764, 0.690544, 9.31272, 0.101139)

[node name="Object_____1_22_5" parent="ROBOBUS_DJ/CAR2/NEW_ROBOBUS_KOUVOUKLIO8/NEW_ROBOBUS_KOUVOUKLIO9/INTELLIGENT5" index="28"]
transform = Transform3D(-1, -1.39128e-06, 0.000136042, -1.5666e-06, -0.999764, -0.0217282, 0.000136041, -0.0217282, 0.999764, 0.690544, 9.31272, 0.101139)

[node name="Object_____1_22_6" parent="ROBOBUS_DJ/CAR2/NEW_ROBOBUS_KOUVOUKLIO8/NEW_ROBOBUS_KOUVOUKLIO9/INTELLIGENT5" index="29"]
transform = Transform3D(-1, -1.39128e-06, 0.000136042, -1.5666e-06, -0.999764, -0.0217282, 0.000136041, -0.0217282, 0.999764, 0.690544, 9.31272, 0.101139)

[node name="dingpengshijian_5" parent="ROBOBUS_DJ/CAR2/NEW_ROBOBUS_KOUVOUKLIO8/NEW_ROBOBUS_KOUVOUKLIO9/INTERIOR5/FLOORAND_MORE5" index="0"]
transform = Transform3D(-1, -1.39128e-06, 0.000136042, -1.5666e-06, -0.999764, -0.0217282, 0.000136041, -0.0217282, 0.999764, 0.690559, 9.31272, 0.101139)

[node name="FLOOR5" parent="ROBOBUS_DJ/CAR2/NEW_ROBOBUS_KOUVOUKLIO8/NEW_ROBOBUS_KOUVOUKLIO9/INTERIOR5/FLOORAND_MORE5" index="1"]
transform = Transform3D(-1, -1.39128e-06, 0.000136042, -1.5666e-06, -0.999764, -0.0217282, 0.000136041, -0.0217282, 0.999764, 0.690559, 9.31272, 0.101139)

[node name="Object___7_15" parent="ROBOBUS_DJ/CAR2/NEW_ROBOBUS_KOUVOUKLIO8/NEW_ROBOBUS_KOUVOUKLIO9/INTERIOR5/FLOORAND_MORE5" index="2"]
transform = Transform3D(-1, -1.39128e-06, 0.000136042, -1.5666e-06, -0.999764, -0.0217282, 0.000136041, -0.0217282, 0.999764, 0.690559, 9.31272, 0.101139)

[node name="Object__________1_14" parent="ROBOBUS_DJ/CAR2/NEW_ROBOBUS_KOUVOUKLIO8/NEW_ROBOBUS_KOUVOUKLIO9/INTERIOR5/FLOORAND_MORE5" index="3"]
transform = Transform3D(-1, -1.39128e-06, 0.000136042, -1.5666e-06, -0.999764, -0.0217282, 0.000136041, -0.0217282, 0.999764, 0.690559, 9.31272, 0.101139)

[node name="chufengkou_5" parent="ROBOBUS_DJ/CAR2/NEW_ROBOBUS_KOUVOUKLIO8/NEW_ROBOBUS_KOUVOUKLIO9/INTERIOR5/INTERNAL_STUFF_FOR_SIT5" index="0"]
transform = Transform3D(-1, -1.39128e-06, 0.000136042, -1.5666e-06, -0.999764, -0.0217282, 0.000136041, -0.0217282, 0.999764, 0.690559, 9.31272, 0.101139)

[node name="Object____2" parent="ROBOBUS_DJ/CAR2/NEW_ROBOBUS_KOUVOUKLIO8/NEW_ROBOBUS_KOUVOUKLIO9/INTERIOR5/INTERNAL_STUFF_FOR_SIT5" index="1"]
transform = Transform3D(-1, -1.39128e-06, 0.000136042, -1.5666e-06, -0.999764, -0.0217282, 0.000136041, -0.0217282, 0.999764, 0.690559, 9.31272, 0.101139)

[node name="Object____5_6" parent="ROBOBUS_DJ/CAR2/NEW_ROBOBUS_KOUVOUKLIO8/NEW_ROBOBUS_KOUVOUKLIO9/INTERIOR5/INTERNAL_STUFF_FOR_SIT5" index="2"]
transform = Transform3D(-1, -1.39128e-06, 0.000136042, -1.5666e-06, -0.999764, -0.0217282, 0.000136041, -0.0217282, 0.999764, 0.690559, 9.31272, 0.101139)

[node name="Object____8_5" parent="ROBOBUS_DJ/CAR2/NEW_ROBOBUS_KOUVOUKLIO8/NEW_ROBOBUS_KOUVOUKLIO9/INTERIOR5/INTERNAL_STUFF_FOR_SIT5" index="3"]
transform = Transform3D(-1, -1.39128e-06, 0.000136042, -1.5666e-06, -0.999764, -0.0217282, 0.000136041, -0.0217282, 0.999764, 0.690559, 9.31272, 0.101139)

[node name="Object____9_9" parent="ROBOBUS_DJ/CAR2/NEW_ROBOBUS_KOUVOUKLIO8/NEW_ROBOBUS_KOUVOUKLIO9/INTERIOR5/INTERNAL_STUFF_FOR_SIT5" index="4"]
transform = Transform3D(-1, -1.39128e-06, 0.000136042, -1.5666e-06, -0.999764, -0.0217282, 0.000136041, -0.0217282, 0.999764, 0.690559, 9.31272, 0.101139)

[node name="Object_____14" parent="ROBOBUS_DJ/CAR2/NEW_ROBOBUS_KOUVOUKLIO8/NEW_ROBOBUS_KOUVOUKLIO9/INTERIOR5/INTERNAL_STUFF_FOR_SIT5" index="5"]
transform = Transform3D(-1, -1.39128e-06, 0.000136042, -1.5666e-06, -0.999764, -0.0217282, 0.000136041, -0.0217282, 0.999764, 0.690559, 9.31272, 0.101139)

[node name="Object_________600x80_5" parent="ROBOBUS_DJ/CAR2/NEW_ROBOBUS_KOUVOUKLIO8/NEW_ROBOBUS_KOUVOUKLIO9/INTERIOR5/INTERNAL_STUFF_FOR_SIT5" index="6"]
transform = Transform3D(-1, -1.39128e-06, 0.000136042, -1.5666e-06, -0.999764, -0.0217282, 0.000136041, -0.0217282, 0.999764, 0.690559, 9.31272, 0.101139)

[node name="shang_jianxiukougai_houcang_5" parent="ROBOBUS_DJ/CAR2/NEW_ROBOBUS_KOUVOUKLIO8/NEW_ROBOBUS_KOUVOUKLIO9/INTERIOR5/INTERNAL_STUFF_FOR_SIT5" index="7"]
transform = Transform3D(-1, -1.39128e-06, 0.000136042, -1.5666e-06, -0.999764, -0.0217282, 0.000136041, -0.0217282, 0.999764, 0.690559, 9.31272, 0.101139)

[node name="xiajianxiukougai_houcang_5" parent="ROBOBUS_DJ/CAR2/NEW_ROBOBUS_KOUVOUKLIO8/NEW_ROBOBUS_KOUVOUKLIO9/INTERIOR5/INTERNAL_STUFF_FOR_SIT5" index="8"]
transform = Transform3D(-1, -1.39128e-06, 0.000136042, -1.5666e-06, -0.999764, -0.0217282, 0.000136041, -0.0217282, 0.999764, 0.690559, 9.31272, 0.101139)

[node name="G2" parent="ROBOBUS_DJ/CAR2/NEW_ROBOBUS_KOUVOUKLIO8/NEW_ROBOBUS_KOUVOUKLIO9/PIX_LOGOS5/MOVING2" index="0"]
transform = Transform3D(-1, -1.39128e-06, 0.000136042, -1.5666e-06, -0.999764, -0.0217282, 0.000136041, -0.0217282, 0.999764, 0.690559, 9.31272, 0.101139)

[node name="I_5" parent="ROBOBUS_DJ/CAR2/NEW_ROBOBUS_KOUVOUKLIO8/NEW_ROBOBUS_KOUVOUKLIO9/PIX_LOGOS5/MOVING2" index="1"]
transform = Transform3D(-1, -1.39128e-06, 0.000136042, -1.5666e-06, -0.999764, -0.0217282, 0.000136041, -0.0217282, 0.999764, 0.690559, 9.31272, 0.101139)

[node name="M2" parent="ROBOBUS_DJ/CAR2/NEW_ROBOBUS_KOUVOUKLIO8/NEW_ROBOBUS_KOUVOUKLIO9/PIX_LOGOS5/MOVING2" index="2"]
transform = Transform3D(-1, -1.39128e-06, 0.000136042, -1.5666e-06, -0.999764, -0.0217282, 0.000136041, -0.0217282, 0.999764, 0.690559, 9.31272, 0.101139)

[node name="N2" parent="ROBOBUS_DJ/CAR2/NEW_ROBOBUS_KOUVOUKLIO8/NEW_ROBOBUS_KOUVOUKLIO9/PIX_LOGOS5/MOVING2" index="3"]
transform = Transform3D(-1, -1.39128e-06, 0.000136042, -1.5666e-06, -0.999764, -0.0217282, 0.000136041, -0.0217282, 0.999764, 0.690559, 9.31272, 0.101139)

[node name="O2" parent="ROBOBUS_DJ/CAR2/NEW_ROBOBUS_KOUVOUKLIO8/NEW_ROBOBUS_KOUVOUKLIO9/PIX_LOGOS5/MOVING2" index="4"]
transform = Transform3D(-1, -1.39128e-06, 0.000136042, -1.5666e-06, -0.999764, -0.0217282, 0.000136041, -0.0217282, 0.999764, 0.690559, 9.31272, 0.101139)

[node name="V2" parent="ROBOBUS_DJ/CAR2/NEW_ROBOBUS_KOUVOUKLIO8/NEW_ROBOBUS_KOUVOUKLIO9/PIX_LOGOS5/MOVING2" index="5"]
transform = Transform3D(-1, -1.39128e-06, 0.000136042, -1.5666e-06, -0.999764, -0.0217282, 0.000136041, -0.0217282, 0.999764, 0.690559, 9.31272, 0.101139)

[node name="G_3" parent="ROBOBUS_DJ/CAR2/NEW_ROBOBUS_KOUVOUKLIO8/NEW_ROBOBUS_KOUVOUKLIO9/PIX_LOGOS5/MOVING_3" index="0"]
transform = Transform3D(-1, -1.39128e-06, 0.000136042, -1.5666e-06, -0.999764, -0.0217282, 0.000136041, -0.0217282, 0.999764, 0.690559, 9.31272, 0.101139)

[node name="I_7" parent="ROBOBUS_DJ/CAR2/NEW_ROBOBUS_KOUVOUKLIO8/NEW_ROBOBUS_KOUVOUKLIO9/PIX_LOGOS5/MOVING_3" index="1"]
transform = Transform3D(-1, -1.39128e-06, 0.000136042, -1.5666e-06, -0.999764, -0.0217282, 0.000136041, -0.0217282, 0.999764, 0.690559, 9.31272, 0.101139)

[node name="M_3" parent="ROBOBUS_DJ/CAR2/NEW_ROBOBUS_KOUVOUKLIO8/NEW_ROBOBUS_KOUVOUKLIO9/PIX_LOGOS5/MOVING_3" index="2"]
transform = Transform3D(-1, -1.39128e-06, 0.000136042, -1.5666e-06, -0.999764, -0.0217282, 0.000136041, -0.0217282, 0.999764, 0.690559, 9.31272, 0.101139)

[node name="N_3" parent="ROBOBUS_DJ/CAR2/NEW_ROBOBUS_KOUVOUKLIO8/NEW_ROBOBUS_KOUVOUKLIO9/PIX_LOGOS5/MOVING_3" index="3"]
transform = Transform3D(-1, -1.39128e-06, 0.000136042, -1.5666e-06, -0.999764, -0.0217282, 0.000136041, -0.0217282, 0.999764, 0.690559, 9.31272, 0.101139)

[node name="O_3" parent="ROBOBUS_DJ/CAR2/NEW_ROBOBUS_KOUVOUKLIO8/NEW_ROBOBUS_KOUVOUKLIO9/PIX_LOGOS5/MOVING_3" index="4"]
transform = Transform3D(-1, -1.39128e-06, 0.000136042, -1.5666e-06, -0.999764, -0.0217282, 0.000136041, -0.0217282, 0.999764, 0.690559, 9.31272, 0.101139)

[node name="V_3" parent="ROBOBUS_DJ/CAR2/NEW_ROBOBUS_KOUVOUKLIO8/NEW_ROBOBUS_KOUVOUKLIO9/PIX_LOGOS5/MOVING_3" index="5"]
transform = Transform3D(-1, -1.39128e-06, 0.000136042, -1.5666e-06, -0.999764, -0.0217282, 0.000136041, -0.0217282, 0.999764, 0.690559, 9.31272, 0.101139)

[node name="I2" parent="ROBOBUS_DJ/CAR2/NEW_ROBOBUS_KOUVOUKLIO8/NEW_ROBOBUS_KOUVOUKLIO9/PIX_LOGOS5/PIX2" index="0"]
transform = Transform3D(-1, -1.39128e-06, 0.000136042, -1.5666e-06, -0.999764, -0.0217282, 0.000136041, -0.0217282, 0.999764, 0.690559, 9.31272, 0.101139)

[node name="P2" parent="ROBOBUS_DJ/CAR2/NEW_ROBOBUS_KOUVOUKLIO8/NEW_ROBOBUS_KOUVOUKLIO9/PIX_LOGOS5/PIX2" index="1"]
transform = Transform3D(-1, -1.39128e-06, 0.000136042, -1.5666e-06, -0.999764, -0.0217282, 0.000136041, -0.0217282, 0.999764, 0.690559, 9.31272, 0.101139)

[node name="X2" parent="ROBOBUS_DJ/CAR2/NEW_ROBOBUS_KOUVOUKLIO8/NEW_ROBOBUS_KOUVOUKLIO9/PIX_LOGOS5/PIX2" index="2"]
transform = Transform3D(-1, -1.39128e-06, 0.000136042, -1.5666e-06, -0.999764, -0.0217282, 0.000136041, -0.0217282, 0.999764, 0.690559, 9.31272, 0.101139)

[node name="I_6" parent="ROBOBUS_DJ/CAR2/NEW_ROBOBUS_KOUVOUKLIO8/NEW_ROBOBUS_KOUVOUKLIO9/PIX_LOGOS5/PIX_3" index="0"]
transform = Transform3D(-1, -1.39128e-06, 0.000136042, -1.5666e-06, -0.999764, -0.0217282, 0.000136041, -0.0217282, 0.999764, 0.690559, 9.31272, 0.101139)

[node name="P_3" parent="ROBOBUS_DJ/CAR2/NEW_ROBOBUS_KOUVOUKLIO8/NEW_ROBOBUS_KOUVOUKLIO9/PIX_LOGOS5/PIX_3" index="1"]
transform = Transform3D(-1, -1.39128e-06, 0.000136042, -1.5666e-06, -0.999764, -0.0217282, 0.000136041, -0.0217282, 0.999764, 0.690559, 9.31272, 0.101139)

[node name="X_3" parent="ROBOBUS_DJ/CAR2/NEW_ROBOBUS_KOUVOUKLIO8/NEW_ROBOBUS_KOUVOUKLIO9/PIX_LOGOS5/PIX_3" index="2"]
transform = Transform3D(-1, -1.39128e-06, 0.000136042, -1.5666e-06, -0.999764, -0.0217282, 0.000136041, -0.0217282, 0.999764, 0.690559, 9.31272, 0.101139)

[node name="Blank_2_3" parent="Vehicle_exterior_trim" index="0"]
transform = Transform3D(-1, -1.39081e-06, 0.000136042, -1.56637e-06, -0.999764, -0.0217282, 0.000136041, -0.0217282, 0.999764, 0.69043, 9.31273, 0.101139)

[node name="LOGO_dow1" parent="Vehicle_exterior_trim" index="1"]
transform = Transform3D(-1, -1.39081e-06, 0.000136042, -1.56637e-06, -0.999764, -0.0217282, 0.000136041, -0.0217282, 0.999764, 0.69043, 9.31273, 0.101139)

[node name="LOGO_dow2" parent="Vehicle_exterior_trim" index="2"]
transform = Transform3D(-1, -1.39081e-06, 0.000136042, -1.56637e-06, -0.999764, -0.0217282, 0.000136041, -0.0217282, 0.999764, 0.69043, 9.31273, 0.101139)

[node name="Outer_shell" parent="Vehicle_exterior_trim" index="3"]
transform = Transform3D(-1, -1.39081e-06, 0.000136042, -1.56637e-06, -0.999764, -0.0217282, 0.000136041, -0.0217282, 0.999764, 0.69043, 9.31273, 0.101139)

[node name="BL_Whell" parent="Default_value" index="0"]
transform = Transform3D(-1, -1.39081e-06, 0.000136042, -1.56637e-06, -0.999764, -0.0217282, 0.000136041, -0.0217282, 0.999764, 1498.75, 709.534, -352.275)

[node name="BR_Whell" parent="Default_value" index="1"]
transform = Transform3D(-1, -1.39081e-06, 0.000136042, -1.56637e-06, -0.999764, -0.0217282, 0.000136041, -0.0217282, 0.999764, 1498.75, -905.57, -387.377)

[node name="FL_Whell" parent="Default_value" index="2"]
transform = Transform3D(-1, -1.39081e-06, 0.000136042, -1.56637e-06, -0.999764, -0.0217282, 0.000136041, -0.0217282, 0.999764, -1497.81, 711.993, -351.814)

[node name="FR_Whell" parent="Default_value" index="3"]
transform = Transform3D(-1, -1.39081e-06, 0.000136042, -1.56637e-06, -0.999764, -0.0217282, 0.000136041, -0.0217282, 0.999764, -1497.81, -901.428, -386.879)

[node name="Cover__2" parent="Hubcap" index="0"]
transform = Transform3D(-1, -1.39081e-06, 0.000136042, -1.56637e-06, -0.999764, -0.0217282, 0.000136041, -0.0217282, 0.999764, -1497.83, -1003.2, -388.414)

[node name="Cover__2_2" parent="Hubcap" index="1"]
transform = Transform3D(-1, -1.39081e-06, 0.000136042, -1.56637e-06, -0.999764, -0.0217282, 0.000136041, -0.0217282, 0.999764, -1497.37, 806.86, -348.913)

[node name="Cover__2_3" parent="Hubcap" index="2"]
transform = Transform3D(-1, -1.39081e-06, 0.000136042, -1.56637e-06, -0.999764, -0.0217282, 0.000136041, -0.0217282, 0.999764, 1502.79, 806.459, -347.506)

[node name="Cover__2_4" parent="Hubcap" index="3"]
transform = Transform3D(-1, -1.39081e-06, 0.000136042, -1.56637e-06, -0.999764, -0.0217282, 0.000136041, -0.0217282, 0.999764, 1505.26, -1002.8, -392.446)

[node name="Disc" parent="Hubcap" index="4"]
transform = Transform3D(-1, -1.39081e-06, 0.000136042, -1.56637e-06, -0.999764, -0.0217282, 0.000136041, -0.0217282, 0.999764, 0.69043, 9.31273, 0.101139)

[node name="Disc_2" parent="Hubcap" index="5"]
transform = Transform3D(-1, -1.39081e-06, 0.000136042, -1.56637e-06, -0.999764, -0.0217282, 0.000136041, -0.0217282, 0.999764, 0.69043, 9.31273, 0.101139)

[node name="Disc_3" parent="Hubcap" index="6"]
transform = Transform3D(-1, -1.39081e-06, 0.000136042, -1.56637e-06, -0.999764, -0.0217282, 0.000136041, -0.0217282, 0.999764, 0.69043, 9.31273, 0.101139)

[node name="Disc_4" parent="Hubcap" index="7"]
transform = Transform3D(-1, -1.39081e-06, 0.000136042, -1.56637e-06, -0.999764, -0.0217282, 0.000136041, -0.0217282, 0.999764, 0.69043, 9.31273, 0.101139)

[node name="Disc_5" parent="Hubcap" index="8"]
transform = Transform3D(-1, -1.39081e-06, 0.000136042, -1.56637e-06, -0.999764, -0.0217282, 0.000136041, -0.0217282, 0.999764, 1505.85, -977.02, -386.276)

[node name="Disc_6" parent="Hubcap" index="9"]
transform = Transform3D(-1, -1.39081e-06, 0.000136042, -1.56637e-06, -0.999764, -0.0217282, 0.000136041, -0.0217282, 0.999764, 1502.06, 779.288, -351.396)

[node name="Disc_7" parent="Hubcap" index="10"]
transform = Transform3D(-1, -1.39081e-06, 0.000136042, -1.56637e-06, -0.999764, -0.0217282, 0.000136041, -0.0217282, 0.999764, -1499.82, 780.669, -352.654)

[node name="Disc_8" parent="Hubcap" index="11"]
transform = Transform3D(-1, -1.39081e-06, 0.000136042, -1.56637e-06, -0.999764, -0.0217282, 0.000136041, -0.0217282, 0.999764, -1497.61, -976.626, -390.242)

[node name="Extrude_7" parent="Hubcap" index="12"]
transform = Transform3D(-1, -1.39081e-06, 0.000136042, -1.56637e-06, -0.999764, -0.0217282, 0.000136041, -0.0217282, 0.999764, 0.69043, 9.31273, 0.101139)

[node name="Extrude_7_10" parent="Hubcap" index="13"]
transform = Transform3D(-1, -1.39081e-06, 0.000136042, -1.56637e-06, -0.999764, -0.0217282, 0.000136041, -0.0217282, 0.999764, 0.69043, 9.31273, 0.101139)

[node name="Extrude_7_11" parent="Hubcap" index="14"]
transform = Transform3D(-1, -1.39081e-06, 0.000136042, -1.56637e-06, -0.999764, -0.0217282, 0.000136041, -0.0217282, 0.999764, 0.69043, 9.31273, 0.101139)

[node name="Extrude_7_12" parent="Hubcap" index="15"]
transform = Transform3D(-1, -1.39081e-06, 0.000136042, -1.56637e-06, -0.999764, -0.0217282, 0.000136041, -0.0217282, 0.999764, 0.69043, 9.31273, 0.101139)

[node name="Extrude_7_2" parent="Hubcap" index="16"]
transform = Transform3D(-1, -1.39081e-06, 0.000136042, -1.56637e-06, -0.999764, -0.0217282, 0.000136041, -0.0217282, 0.999764, 0.69043, 9.31273, 0.101139)

[node name="Extrude_7_3" parent="Hubcap" index="17"]
transform = Transform3D(-1, -1.39081e-06, 0.000136042, -1.56637e-06, -0.999764, -0.0217282, 0.000136041, -0.0217282, 0.999764, 0.69043, 9.31273, 0.101139)

[node name="Extrude_7_4" parent="Hubcap" index="18"]
transform = Transform3D(-1, -1.39081e-06, 0.000136042, -1.56637e-06, -0.999764, -0.0217282, 0.000136041, -0.0217282, 0.999764, 0.69043, 9.31273, 0.101139)

[node name="Extrude_7_5" parent="Hubcap" index="19"]
transform = Transform3D(-1, -1.39081e-06, 0.000136042, -1.56637e-06, -0.999764, -0.0217282, 0.000136041, -0.0217282, 0.999764, 0.69043, 9.31273, 0.101139)

[node name="Extrude_7_6" parent="Hubcap" index="20"]
transform = Transform3D(-1, -1.39081e-06, 0.000136042, -1.56637e-06, -0.999764, -0.0217282, 0.000136041, -0.0217282, 0.999764, 0.69043, 9.31273, 0.101139)

[node name="Extrude_7_7" parent="Hubcap" index="21"]
transform = Transform3D(-1, -1.39081e-06, 0.000136042, -1.56637e-06, -0.999764, -0.0217282, 0.000136041, -0.0217282, 0.999764, 0.69043, 9.31273, 0.101139)

[node name="Extrude_7_8" parent="Hubcap" index="22"]
transform = Transform3D(-1, -1.39081e-06, 0.000136042, -1.56637e-06, -0.999764, -0.0217282, 0.000136041, -0.0217282, 0.999764, 0.69043, 9.31273, 0.101139)

[node name="Extrude_7_9" parent="Hubcap" index="23"]
transform = Transform3D(-1, -1.39081e-06, 0.000136042, -1.56637e-06, -0.999764, -0.0217282, 0.000136041, -0.0217282, 0.999764, 0.69043, 9.31273, 0.101139)

[node name="______1" parent="Suspension_and_Braking" index="0"]
transform = Transform3D(-1, -1.39081e-06, 0.000136042, -1.56637e-06, -0.999764, -0.0217282, 0.000136041, -0.0217282, 0.999764, 0.69043, 9.31273, 0.101139)

[node name="______1_10" parent="Suspension_and_Braking" index="1"]
transform = Transform3D(-1, -1.39081e-06, 0.000136042, -1.56637e-06, -0.999764, -0.0217282, 0.000136041, -0.0217282, 0.999764, 0.69043, 9.31273, 0.101139)

[node name="______1_11" parent="Suspension_and_Braking" index="2"]
transform = Transform3D(-1, -1.39081e-06, 0.000136042, -1.56637e-06, -0.999764, -0.0217282, 0.000136041, -0.0217282, 0.999764, 0.69043, 9.31273, 0.101139)

[node name="______1_12" parent="Suspension_and_Braking" index="3"]
transform = Transform3D(-1, -1.39081e-06, 0.000136042, -1.56637e-06, -0.999764, -0.0217282, 0.000136041, -0.0217282, 0.999764, 0.69043, 9.31273, 0.101139)

[node name="______1_13" parent="Suspension_and_Braking" index="4"]
transform = Transform3D(-1, -1.39081e-06, 0.000136042, -1.56637e-06, -0.999764, -0.0217282, 0.000136041, -0.0217282, 0.999764, 0.69043, 9.31273, 0.101139)

[node name="______1_14" parent="Suspension_and_Braking" index="5"]
transform = Transform3D(-1, -1.39081e-06, 0.000136042, -1.56637e-06, -0.999764, -0.0217282, 0.000136041, -0.0217282, 0.999764, 0.69043, 9.31273, 0.101139)

[node name="______1_15" parent="Suspension_and_Braking" index="6"]
transform = Transform3D(-1, -1.39081e-06, 0.000136042, -1.56637e-06, -0.999764, -0.0217282, 0.000136041, -0.0217282, 0.999764, 0.69043, 9.31273, 0.101139)

[node name="______1_16" parent="Suspension_and_Braking" index="7"]
transform = Transform3D(-1, -1.39081e-06, 0.000136042, -1.56637e-06, -0.999764, -0.0217282, 0.000136041, -0.0217282, 0.999764, 0.69043, 9.31273, 0.101139)

[node name="______1_17" parent="Suspension_and_Braking" index="8"]
transform = Transform3D(-1, -1.39081e-06, 0.000136042, -1.56637e-06, -0.999764, -0.0217282, 0.000136041, -0.0217282, 0.999764, 0.69043, 9.31273, 0.101139)

[node name="______1_18" parent="Suspension_and_Braking" index="9"]
transform = Transform3D(-1, -1.39081e-06, 0.000136042, -1.56637e-06, -0.999764, -0.0217282, 0.000136041, -0.0217282, 0.999764, 0.69043, 9.31273, 0.101139)

[node name="______1_19" parent="Suspension_and_Braking" index="10"]
transform = Transform3D(-1, -1.39081e-06, 0.000136042, -1.56637e-06, -0.999764, -0.0217282, 0.000136041, -0.0217282, 0.999764, 0.69043, 9.31273, 0.101139)

[node name="______1_2" parent="Suspension_and_Braking" index="11"]
transform = Transform3D(-1, -1.39081e-06, 0.000136042, -1.56637e-06, -0.999764, -0.0217282, 0.000136041, -0.0217282, 0.999764, 0.69043, 9.31273, 0.101139)

[node name="______1_20" parent="Suspension_and_Braking" index="12"]
transform = Transform3D(-1, -1.39081e-06, 0.000136042, -1.56637e-06, -0.999764, -0.0217282, 0.000136041, -0.0217282, 0.999764, 0.69043, 9.31273, 0.101139)

[node name="______1_21" parent="Suspension_and_Braking" index="13"]
transform = Transform3D(-1, -1.39081e-06, 0.000136042, -1.56637e-06, -0.999764, -0.0217282, 0.000136041, -0.0217282, 0.999764, 0.69043, 9.31273, 0.101139)

[node name="______1_22" parent="Suspension_and_Braking" index="14"]
transform = Transform3D(-1, -1.39081e-06, 0.000136042, -1.56637e-06, -0.999764, -0.0217282, 0.000136041, -0.0217282, 0.999764, 0.69043, 9.31273, 0.101139)

[node name="______1_23" parent="Suspension_and_Braking" index="15"]
transform = Transform3D(-1, -1.39081e-06, 0.000136042, -1.56637e-06, -0.999764, -0.0217282, 0.000136041, -0.0217282, 0.999764, 0.69043, 9.31273, 0.101139)

[node name="______1_24" parent="Suspension_and_Braking" index="16"]
transform = Transform3D(-1, -1.39081e-06, 0.000136042, -1.56637e-06, -0.999764, -0.0217282, 0.000136041, -0.0217282, 0.999764, 0.69043, 9.31273, 0.101139)

[node name="______1_25" parent="Suspension_and_Braking" index="17"]
transform = Transform3D(-1, -1.39081e-06, 0.000136042, -1.56637e-06, -0.999764, -0.0217282, 0.000136041, -0.0217282, 0.999764, 0.69043, 9.31273, 0.101139)

[node name="______1_26" parent="Suspension_and_Braking" index="18"]
transform = Transform3D(-1, -1.39081e-06, 0.000136042, -1.56637e-06, -0.999764, -0.0217282, 0.000136041, -0.0217282, 0.999764, 0.69043, 9.31273, 0.101139)

[node name="______1_27" parent="Suspension_and_Braking" index="19"]
transform = Transform3D(-1, -1.39081e-06, 0.000136042, -1.56637e-06, -0.999764, -0.0217282, 0.000136041, -0.0217282, 0.999764, 0.69043, 9.31273, 0.101139)

[node name="______1_28" parent="Suspension_and_Braking" index="20"]
transform = Transform3D(-1, -1.39081e-06, 0.000136042, -1.56637e-06, -0.999764, -0.0217282, 0.000136041, -0.0217282, 0.999764, 0.69043, 9.31273, 0.101139)

[node name="______1_29" parent="Suspension_and_Braking" index="21"]
transform = Transform3D(-1, -1.39081e-06, 0.000136042, -1.56637e-06, -0.999764, -0.0217282, 0.000136041, -0.0217282, 0.999764, 0.69043, 9.31273, 0.101139)

[node name="______1_3" parent="Suspension_and_Braking" index="22"]
transform = Transform3D(-1, -1.39081e-06, 0.000136042, -1.56637e-06, -0.999764, -0.0217282, 0.000136041, -0.0217282, 0.999764, 0.69043, 9.31273, 0.101139)

[node name="______1_30" parent="Suspension_and_Braking" index="23"]
transform = Transform3D(-1, -1.39081e-06, 0.000136042, -1.56637e-06, -0.999764, -0.0217282, 0.000136041, -0.0217282, 0.999764, 0.69043, 9.31273, 0.101139)

[node name="______1_31" parent="Suspension_and_Braking" index="24"]
transform = Transform3D(-1, -1.39081e-06, 0.000136042, -1.56637e-06, -0.999764, -0.0217282, 0.000136041, -0.0217282, 0.999764, 0.69043, 9.31273, 0.101139)

[node name="______1_32" parent="Suspension_and_Braking" index="25"]
transform = Transform3D(-1, -1.39081e-06, 0.000136042, -1.56637e-06, -0.999764, -0.0217282, 0.000136041, -0.0217282, 0.999764, 0.69043, 9.31273, 0.101139)

[node name="______1_4" parent="Suspension_and_Braking" index="26"]
transform = Transform3D(-1, -1.39081e-06, 0.000136042, -1.56637e-06, -0.999764, -0.0217282, 0.000136041, -0.0217282, 0.999764, 0.69043, 9.31273, 0.101139)

[node name="______1_5" parent="Suspension_and_Braking" index="27"]
transform = Transform3D(-1, -1.39081e-06, 0.000136042, -1.56637e-06, -0.999764, -0.0217282, 0.000136041, -0.0217282, 0.999764, 0.69043, 9.31273, 0.101139)

[node name="______1_6" parent="Suspension_and_Braking" index="28"]
transform = Transform3D(-1, -1.39081e-06, 0.000136042, -1.56637e-06, -0.999764, -0.0217282, 0.000136041, -0.0217282, 0.999764, 0.69043, 9.31273, 0.101139)

[node name="______1_7" parent="Suspension_and_Braking" index="29"]
transform = Transform3D(-1, -1.39081e-06, 0.000136042, -1.56637e-06, -0.999764, -0.0217282, 0.000136041, -0.0217282, 0.999764, 0.69043, 9.31273, 0.101139)

[node name="______1_8" parent="Suspension_and_Braking" index="30"]
transform = Transform3D(-1, -1.39081e-06, 0.000136042, -1.56637e-06, -0.999764, -0.0217282, 0.000136041, -0.0217282, 0.999764, 0.69043, 9.31273, 0.101139)

[node name="______1_9" parent="Suspension_and_Braking" index="31"]
transform = Transform3D(-1, -1.39081e-06, 0.000136042, -1.56637e-06, -0.999764, -0.0217282, 0.000136041, -0.0217282, 0.999764, 0.69043, 9.31273, 0.101139)

[node name="______3" parent="Suspension_and_Braking" index="32"]
transform = Transform3D(-1, -1.39081e-06, 0.000136042, -1.56637e-06, -0.999764, -0.0217282, 0.000136041, -0.0217282, 0.999764, 0.69043, 9.31273, 0.101139)

[node name="______3_2" parent="Suspension_and_Braking" index="33"]
transform = Transform3D(-1, -1.39081e-06, 0.000136042, -1.56637e-06, -0.999764, -0.0217282, 0.000136041, -0.0217282, 0.999764, 0.69043, 9.31273, 0.101139)

[node name="______3_3" parent="Suspension_and_Braking" index="34"]
transform = Transform3D(-1, -1.39081e-06, 0.000136042, -1.56637e-06, -0.999764, -0.0217282, 0.000136041, -0.0217282, 0.999764, 0.69043, 9.31273, 0.101139)

[node name="______3_4" parent="Suspension_and_Braking" index="35"]
transform = Transform3D(-1, -1.39081e-06, 0.000136042, -1.56637e-06, -0.999764, -0.0217282, 0.000136041, -0.0217282, 0.999764, 0.69043, 9.31273, 0.101139)

[node name="__________________________REAR_CLIPER1_1" parent="Suspension_and_Braking" index="36"]
transform = Transform3D(-1, -1.39081e-06, 0.000136042, -1.56637e-06, -0.999764, -0.0217282, 0.000136041, -0.0217282, 0.999764, 0.69043, 9.31273, 0.101139)

[node name="__________________________REAR_CLIPER3_1" parent="Suspension_and_Braking" index="37"]
transform = Transform3D(-1, -1.39081e-06, 0.000136042, -1.56637e-06, -0.999764, -0.0217282, 0.000136041, -0.0217282, 0.999764, 0.69043, 9.31273, 0.101139)

[node name="__________________________REAR_CLIPER3_1_2" parent="Suspension_and_Braking" index="38"]
transform = Transform3D(-1, -1.39081e-06, 0.000136042, -1.56637e-06, -0.999764, -0.0217282, 0.000136041, -0.0217282, 0.999764, 0.69043, 9.31273, 0.101139)

[node name="__________________________REAR_CLIPER3_1_3" parent="Suspension_and_Braking" index="39"]
transform = Transform3D(-1, -1.39081e-06, 0.000136042, -1.56637e-06, -0.999764, -0.0217282, 0.000136041, -0.0217282, 0.999764, 0.69043, 9.31273, 0.101139)

[node name="__________________________REAR_CLIPER3_1_4" parent="Suspension_and_Braking" index="40"]
transform = Transform3D(-1, -1.39081e-06, 0.000136042, -1.56637e-06, -0.999764, -0.0217282, 0.000136041, -0.0217282, 0.999764, 0.69043, 9.31273, 0.101139)

[node name="Body__0__1" parent="Suspension_and_Braking" index="41"]
transform = Transform3D(-1, -1.39081e-06, 0.000136042, -1.56637e-06, -0.999764, -0.0217282, 0.000136041, -0.0217282, 0.999764, 0.69043, 9.31273, 0.101139)

[node name="Body__0__1_2" parent="Suspension_and_Braking" index="42"]
transform = Transform3D(-1, -1.39081e-06, 0.000136042, -1.56637e-06, -0.999764, -0.0217282, 0.000136041, -0.0217282, 0.999764, 0.69043, 9.31273, 0.101139)

[node name="Body__0__1_2_2" parent="Suspension_and_Braking" index="43"]
transform = Transform3D(-1, -1.39081e-06, 0.000136042, -1.56637e-06, -0.999764, -0.0217282, 0.000136041, -0.0217282, 0.999764, 0.69043, 9.31273, 0.101139)

[node name="Body__0__1_2_3" parent="Suspension_and_Braking" index="44"]
transform = Transform3D(-1, -1.39081e-06, 0.000136042, -1.56637e-06, -0.999764, -0.0217282, 0.000136041, -0.0217282, 0.999764, 0.69043, 9.31273, 0.101139)

[node name="Body__0__1_2_4" parent="Suspension_and_Braking" index="45"]
transform = Transform3D(-1, -1.39081e-06, 0.000136042, -1.56637e-06, -0.999764, -0.0217282, 0.000136041, -0.0217282, 0.999764, 0.69043, 9.31273, 0.101139)

[node name="Body__0__1_3" parent="Suspension_and_Braking" index="46"]
transform = Transform3D(-1, -1.39081e-06, 0.000136042, -1.56637e-06, -0.999764, -0.0217282, 0.000136041, -0.0217282, 0.999764, 0.69043, 9.31273, 0.101139)

[node name="Body__0__1_4" parent="Suspension_and_Braking" index="47"]
transform = Transform3D(-1, -1.39081e-06, 0.000136042, -1.56637e-06, -0.999764, -0.0217282, 0.000136041, -0.0217282, 0.999764, 0.69043, 9.31273, 0.101139)

[node name="Body__0__1_5" parent="Suspension_and_Braking" index="48"]
transform = Transform3D(-1, -1.39081e-06, 0.000136042, -1.56637e-06, -0.999764, -0.0217282, 0.000136041, -0.0217282, 0.999764, 0.69043, 9.31273, 0.101139)

[node name="Body__14__1" parent="Suspension_and_Braking" index="49"]
transform = Transform3D(-1, -1.39081e-06, 0.000136042, -1.56637e-06, -0.999764, -0.0217282, 0.000136041, -0.0217282, 0.999764, 0.69043, 9.31273, 0.101139)

[node name="Body__14__1_2" parent="Suspension_and_Braking" index="50"]
transform = Transform3D(-1, -1.39081e-06, 0.000136042, -1.56637e-06, -0.999764, -0.0217282, 0.000136041, -0.0217282, 0.999764, 0.69043, 9.31273, 0.101139)

[node name="Body__14__1_2_2" parent="Suspension_and_Braking" index="51"]
